01 00 00 00 09 40 0c c0 01 64 00 00 05 40 0b 74 7a 0f 00 00 03 91 00 00 04 00 00 00 00 00 09 54 01 64 00 00 05 40 02 90 7b 0d 00 00 03 93 00 00 08 00 00 00 00 00 0b 20 01 64 00 00 06 e4 0a 68 7c 0b 00 00 04 89 00 00 0e 00 00 00 00 00 09 6c 01 64 00 00 05 40 0c 68 7d 09 00 00 03 92 00 00 14 00 00 00 0d ae 0c c8 01 64 00 00 05 40 0c c8 7e 07 00 00 03 96 00 00 1c 00 00 00 00 00 0d ae 01 64 00 00 05 40 00 04 7f 05 00 00 04 db 00 00 24 00 00 00 0a f6 0c c0 01 64 00 00 05 40 0c 68 80 04 00 01 03 94 00 00 2d 00 00 00 09 e6 00 04 01 64 00 00 05 40 0c c8 81 03 00 01 04 12 00 00 37 00 00 00 05 40 0b 98 01 64 00 00 05 40 00 04 82 02 00 01 04 8d 00 00 46 00 00 00 05 40 04 80 01 64 00 00 05 40 0b 98 83 00 00 00 04 8d 00 00 00 00 00 00 05 40 0b 80 01 64 00 00 00 00 00 00 00 00 0f 00 00 00 00 00

u8 _ @16-2;
u8 _;
u8 _;
u8 _;
BCCI puzzlemapidxenc;
u8 _;
u8 _;
u8 _;
u8 _;
BCCI levelentrancemapidxenc;
u8 _;
u8 numpiecesplaced;
u8 _;
u8 _;
u16 _ @16-3;
u8 _;
u8 _;
